310.50
667.94
1548.30
144443.00
340.08
345.02
384.84
560.10
2580.12
263.55
2819.88
2990.00
348.12
49.64
56.16
411.73
204.53
48.48
4986.12
12703.50
27648.12
61979.28
139821.18
2667.00
162.40
79.04
2952.18
333.32
22666.80
577.20
531.00
970.95
3646.50
4096.68
1291.30
2123.88
2662.85
540.00
5167.35
370.98
1649.16
51.40
588.87
997.99
14540.68
22899.81
12626.60
4444.44
2871.60
1433.25
611.13
63.86
1213.20
20211.84
82.08
10442.50
456.04
393.64
395.25
188888.83
8147.84
1444.15
114.97
377.79
96222.23
10402.56
7066.24
10067.04
381.96
900.90
487.50
5749.65
5989.65
2508.12
4629.90
6021.15
416.89
9667.32
648.96
1461.72
286.56
150.66
794.10
395.64
9333.35
335.34
555.62
572.13
179.50
18251.25
18199.56
2443.95
580.05
766666.68
211111.29
373.62
40555.58
7.06
7.06
369
15.96
167.28
79.18
32
36.48
150
186.78
420.36
25.56
47.12
122.48
535.69
20.4
165.75
4307.1
108.85
3486.32
4205.28
369.36
14.64
6.66
358
229.6
641.06
13.04
309.74
45.3
1344.86
233.84
210.72
120.19
1308.92
150.54
820.05
70.8
150.44
1002.32
2247.4
840.71
3.16
5
1589.4
